  34.03125
  33.62500
  33.21875
  32.78125
  32.37500
  31.98438
  31.62500
  31.21875
  30.84375
  30.43750
  30.10938
  29.70312
  29.34375
  28.96875
  28.62500
  28.25000
  27.98438
  27.68750
  27.35938
  27.06250
  26.82812
  26.57812
  26.29688
  26.09375
  25.89062
  25.67188
  25.45312
  25.26562
  25.10938
  24.95312
  24.81250
  24.65625
  24.54688
  24.39062
  24.28125
  24.15625
  24.07812
  23.96875
  23.89062
  23.82812
  23.73438
  23.64062
  23.59375
  23.53125
  23.45312
  23.40625
  23.37500
  23.39062
  23.34375
  23.32812
  23.31250
  23.32812
  23.34375
  23.35938
  23.40625
  23.40625
  23.46875
  23.48438
  23.51562
  23.56250
  23.59375
  23.64062
  23.68750
  23.73438
  23.79688
  23.79688
  23.81250
  23.78125
  23.79688
  23.82812
  23.81250
  23.82812
  23.81250
  23.79688
  23.82812
  23.89062
  23.89062
  23.98438
  24.07812
  24.20312
  24.34375
  24.50000
  24.65625
  24.90625
  25.15625
  25.50000
  25.85938
  26.17188
  26.59375
  27.04688
  27.53125
  27.96875
  28.53125
  29.04688
  29.57812
  30.20312
  30.79688
  31.35938
  31.96875
  32.59375
  33.25000
  33.87500
  34.50000
  35.12500
  35.81250
  36.43750
  37.09375
  37.75000
  38.34375
  39.06250
  39.68750
  40.40625
  41.09375
  41.78125
  42.46875
  43.18750
  43.84375
  44.59375
  45.34375
  46.09375
  46.84375
  47.62500
  48.40625
  49.18750
  49.96875
  50.75000
  51.56250
  52.37500
  53.21875
  54.09375
  54.90625
  55.84375
  56.78125
  57.68750
  58.68750
  59.62500
  60.59375
  61.56250
  62.53125
  63.50000
  64.50000
  65.43750
  66.37500
  67.31250
  68.18750
  69.12500
  69.93750
  70.75000
  71.56250
  72.31250
  73.06250
  73.81250
  74.56250
  75.25000
  76.00000
  76.75000
  77.43750
  78.18750
  78.87500
  79.56250
  80.18750
  80.75000
  81.37500
  81.87500
  82.37500
  82.81250
  83.18750
  83.56250
  83.87500
  84.12500
  84.37500
  84.43750
  84.56250
  84.56250
  84.50000
  84.50000
  84.31250
  84.18750
  83.93750
  83.75000
  83.50000
  83.18750
  82.87500
  82.50000
  82.12500
  81.75000
  81.37500
  80.93750
  80.56250
  80.06250
  79.68750
  79.25000
  78.81250
  78.37500
  77.93750
  77.43750
  76.93750
  76.50000
  75.93750
  75.37500
  74.81250
  74.25000
  73.68750
  73.06250
  72.43750
  71.81250
  71.12500
  70.43750
  69.68750
  69.00000
  68.18750
  67.43750
  66.62500
  65.81250
  64.93750
  64.00000
  62.96875
  61.93750
  60.84375
  59.78125
  58.59375
  57.46875
  56.25000
  55.06250
  53.93750
  52.75000
  51.56250
  50.43750
  49.37500
  48.28125
  47.28125
  46.34375
  45.34375
  44.53125
  43.75000
  43.03125
  42.34375
  41.78125
  41.15625
  40.59375
  40.12500
  39.65625
  39.18750
  38.78125
  38.37500
  38.00000
  37.59375
  37.28125
  36.93750
  36.56250
  36.25000
  35.87500
  35.53125
  35.18750
  34.84375
  34.43750
  52.34375
  51.65625
  50.96875
  50.25000
  49.56250
  48.87500
  48.09375
  47.43750
  46.68750
  46.03125
  45.34375
  44.65625
  44.03125
  43.28125
  42.65625
  42.03125
  41.46875
  40.90625
  40.34375
  39.81250
  39.34375
  38.90625
  38.50000
  38.09375
  37.71875
  37.34375
  37.06250
  36.71875
  36.43750
  36.18750
  35.90625
  35.65625
  35.43750
  35.25000
  35.03125
  34.90625
  34.71875
  34.53125
  34.40625
  34.28125
  34.15625
  34.03125
  33.93750
  33.84375
  33.75000
  33.68750
  33.65625
  33.59375
  33.59375
  33.59375
  33.59375
  33.59375
  33.65625
  33.68750
  33.71875
  33.78125
  33.84375
  33.96875
  34.03125
  34.15625
  34.25000
  34.37500
  34.50000
  34.59375
  34.71875
  34.87500
  35.00000
  35.15625
  35.40625
  35.53125
  35.71875
  35.90625
  36.15625
  36.37500
  36.62500
  36.84375
  37.06250
  37.31250
  37.59375
  37.84375
  38.12500
  38.40625
  38.68750
  38.96875
  39.28125
  39.59375
  39.84375
  40.15625
  40.50000
  40.78125
  41.12500
  41.43750
  41.75000
  42.12500
  42.46875
  42.84375
  43.21875
  43.59375
  43.93750
  44.37500
  44.75000
  45.18750
  45.62500
  46.09375
  46.56250
  47.00000
  47.50000
  48.00000
  48.53125
  49.00000
  49.50000
  50.09375
  50.59375
  51.15625
  51.68750
  52.25000
  52.81250
  53.43750
  54.03125
  54.71875
  55.34375
  56.03125
  56.71875
  57.40625
  58.12500
  58.90625
  59.71875
  60.50000
  61.31250
  62.25000
  63.21875
  64.25000
  65.31250
  66.37500
  67.56250
  68.68750
  69.87500
  71.06250
  72.25000
  73.37500
  74.50000
  75.68750
  76.81250
  77.87500
  78.93750
  79.87500
  80.81250
  81.75000
  82.56250
  83.25000
  84.00000
  84.62500
  85.31250
  85.87500
  86.50000
  87.06250
  87.56250
  88.06250
  88.50000
  89.00000
  89.37500
  89.75000
  90.12500
  90.43750
  90.75000
  91.00000
  91.25000
  91.50000
  91.68750
  91.87500
  91.93750
  92.06250
  92.12500
  92.12500
  92.12500
  92.12500
  92.00000
  91.87500
  91.75000
  91.56250
  91.43750
  91.18750
  90.93750
  90.75000
  90.50000
  90.18750
  89.93750
  89.68750
  89.37500
  89.12500
  88.81250
  88.56250
  88.25000
  88.00000
  87.68750
  87.43750
  87.06250
  86.75000
  86.43750
  86.12500
  85.75000
  85.37500
  85.00000
  84.62500
  84.25000
  83.81250
  83.43750
  83.00000
  82.56250
  82.12500
  81.68750
  81.18750
  80.75000
  80.25000
  79.68750
  79.18750
  78.62500
  78.06250
  77.50000
  76.87500
  76.31250
  75.68750
  75.06250
  74.43750
  73.81250
  73.12500
  72.50000
  71.87500
  71.18750
  70.56250
  69.87500
  69.18750
  68.56250
  67.87500
  67.31250
  66.62500
  65.93750
  65.31250
  64.62500
  63.93750
  63.25000
  62.56250
  61.90625
  61.21875
  60.50000
  59.84375
  59.15625
  58.43750
  57.75000
  57.09375
  56.37500
  55.71875
  55.00000
  54.34375
  53.65625
  52.96875
