  52.34375
  51.65625
  50.96875
  50.25000
  49.56250
  48.87500
  48.09375
  47.43750
  46.68750
  46.03125
  45.34375
  44.65625
  44.03125
  43.28125
  42.65625
  42.03125
  41.46875
  40.90625
  40.34375
  39.81250
  39.34375
  38.90625
  38.50000
  38.09375
  37.71875
  37.34375
  37.06250
  36.71875
  36.43750
  36.18750
  35.90625
  35.65625
  35.43750
  35.25000
  35.03125
  34.90625
  34.71875
  34.53125
  34.40625
  34.28125
  34.15625
  34.03125
  33.93750
  33.84375
  33.75000
  33.68750
  33.65625
  33.59375
  33.59375
  33.59375
  33.59375
  33.59375
  33.65625
  33.68750
  33.71875
  33.78125
  33.84375
  33.96875
  34.03125
  34.15625
  34.25000
  34.37500
  34.50000
  34.59375
  34.71875
  34.87500
  35.00000
  35.15625
  35.40625
  35.53125
  35.71875
  35.90625
  36.15625
  36.37500
  36.62500
  36.84375
  37.06250
  37.31250
  37.59375
  37.84375
  38.12500
  38.40625
  38.68750
  38.96875
  39.28125
  39.59375
  39.84375
  40.15625
  40.50000
  40.78125
  41.12500
  41.43750
  41.75000
  42.12500
  42.46875
  42.84375
  43.21875
  43.59375
  43.93750
  44.37500
  44.75000
  45.18750
  45.62500
  46.09375
  46.56250
  47.00000
  47.50000
  48.00000
  48.53125
  49.00000
  49.50000
  50.09375
  50.59375
  51.15625
  51.68750
  52.25000
  52.81250
  53.43750
  54.03125
  54.71875
  55.34375
  56.03125
  56.71875
  57.40625
  58.12500
  58.90625
  59.71875
  60.50000
  61.31250
  62.25000
  63.21875
  64.25000
  65.31250
  66.37500
  67.56250
  68.68750
  69.87500
  71.06250
  72.25000
  73.37500
  74.50000
  75.68750
  76.81250
  77.87500
  78.93750
  79.87500
  80.81250
  81.75000
  82.56250
  83.25000
  84.00000
  84.62500
  85.31250
  85.87500
  86.50000
  87.06250
  87.56250
  88.06250
  88.50000
  89.00000
  89.37500
  89.75000
  90.12500
  90.43750
  90.75000
  91.00000
  91.25000
  91.50000
  91.68750
  91.87500
  91.93750
  92.06250
  92.12500
  92.12500
  92.12500
  92.12500
  92.00000
  91.87500
  91.75000
  91.56250
  91.43750
  91.18750
  90.93750
  90.75000
  90.50000
  90.18750
  89.93750
  89.68750
  89.37500
  89.12500
  88.81250
  88.56250
  88.25000
  88.00000
  87.68750
  87.43750
  87.06250
  86.75000
  86.43750
  86.12500
  85.75000
  85.37500
  85.00000
  84.62500
  84.25000
  83.81250
  83.43750
  83.00000
  82.56250
  82.12500
  81.68750
  81.18750
  80.75000
  80.25000
  79.68750
  79.18750
  78.62500
  78.06250
  77.50000
  76.87500
  76.31250
  75.68750
  75.06250
  74.43750
  73.81250
  73.12500
  72.50000
  71.87500
  71.18750
  70.56250
  69.87500
  69.18750
  68.56250
  67.87500
  67.31250
  66.62500
  65.93750
  65.31250
  64.62500
  63.93750
  63.25000
  62.56250
  61.90625
  61.21875
  60.50000
  59.84375
  59.15625
  58.43750
  57.75000
  57.09375
  56.37500
  55.71875
  55.00000
  54.34375
  53.65625
  52.96875
